    0.956895 7.450960e+06 1.861219e-04 6.199738e+09 2.775841e+04     1.666667
    0.957150 7.428889e+06 1.844729e-04 6.108457e+09 2.775841e+04     1.666667
    0.957405 7.406818e+06 1.828335e-04 6.018254e+09 2.775841e+04     1.666667
    0.957658 7.384747e+06 1.812040e-04 5.929120e+09 2.775841e+04     1.666667
    0.957911 7.362676e+06 1.795841e-04 5.841045e+09 2.775841e+04     1.666667
    0.958163 7.340605e+06 1.779739e-04 5.754020e+09 2.775841e+04     1.666667
    0.958414 7.318534e+06 1.763734e-04 5.668036e+09 2.775841e+04     1.666667
    0.958664 7.296463e+06 1.747825e-04 5.583082e+09 2.775841e+04     1.666667
    0.958914 7.274392e+06 1.732012e-04 5.499150e+09 2.775841e+04     1.666667
    0.959163 7.252321e+06 1.716295e-04 5.416230e+09 2.775841e+04     1.666667
    0.959411 7.230250e+06 1.700673e-04 5.334314e+09 2.775841e+04     1.666667
    0.959659 7.208179e+06 1.685146e-04 5.253392e+09 2.775841e+04     1.666667
    0.959905 7.186108e+06 1.669714e-04 5.173455e+09 2.775841e+04     1.666667
    0.960151 7.164037e+06 1.654376e-04 5.094494e+09 2.775841e+04     1.666667
    0.960396 7.141966e+06 1.639133e-04 5.016500e+09 2.775841e+04     1.666667
    0.960641 7.119895e+06 1.623983e-04 4.939465e+09 2.775841e+04     1.666667
    0.960884 7.097824e+06 1.608927e-04 4.863378e+09 2.775841e+04     1.666667
    0.961127 7.075753e+06 1.593965e-04 4.788233e+09 2.775841e+04     1.666667
    0.961369 7.053681e+06 1.579095e-04 4.714018e+09 2.775841e+04     1.666667
    0.961611 7.031610e+06 1.564319e-04 4.640727e+09 2.775841e+04     1.666667
    0.961851 7.009539e+06 1.549634e-04 4.568351e+09 2.775841e+04     1.666667
    0.962091 6.987468e+06 1.535042e-04 4.496880e+09 2.775841e+04     1.666667
    0.962330 6.965397e+06 1.520542e-04 4.426307e+09 2.775841e+04     1.666667
    0.962569 6.943326e+06 1.506134e-04 4.356622e+09 2.775841e+04     1.666667
    0.962806 6.921255e+06 1.491816e-04 4.287818e+09 2.775841e+04     1.666667
    0.963043 6.899184e+06 1.477590e-04 4.219886e+09 2.775841e+04     1.666667
    0.963279 6.877113e+06 1.463455e-04 4.152818e+09 2.775841e+04     1.666667
    0.963515 6.855042e+06 1.449410e-04 4.086605e+09 2.775841e+04     1.666667
    0.963749 6.832971e+06 1.435455e-04 4.021239e+09 2.775841e+04     1.666667
    0.963983 6.810900e+06 1.421590e-04 3.956713e+09 2.775841e+04     1.666667
    0.964216 6.788829e+06 1.407814e-04 3.893017e+09 2.775841e+04     1.666667
    0.964448 6.766758e+06 1.394128e-04 3.830145e+09 2.775841e+04     1.666667
    0.964680 6.744687e+06 1.380531e-04 3.768087e+09 2.775841e+04     1.666667
    0.964911 6.722616e+06 1.367022e-04 3.706837e+09 2.775841e+04     1.666667
    0.965141 6.700545e+06 1.353602e-04 3.646385e+09 2.775841e+04     1.666667
    0.965370 6.678474e+06 1.340270e-04 3.586725e+09 2.775841e+04     1.666667
    0.965598 6.656403e+06 1.327026e-04 3.527849e+09 2.775841e+04     1.666667
    0.965826 6.634331e+06 1.313870e-04 3.469748e+09 2.775841e+04     1.666667
    0.966053 6.612260e+06 1.300800e-04 3.412415e+09 2.775841e+04     1.666667
    0.966279 6.590189e+06 1.287818e-04 3.355842e+09 2.775841e+04     1.666667
    0.966505 6.568118e+06 1.274922e-04 3.300022e+09 2.775841e+04     1.666667
    0.966730 6.546047e+06 1.262113e-04 3.244948e+09 2.775841e+04     1.666667
    0.966954 6.523976e+06 1.249390e-04 3.190611e+09 2.775841e+04     1.666667
    0.967177 6.501905e+06 1.236752e-04 3.137005e+09 2.775841e+04     1.666667
    0.967399 6.479834e+06 1.224200e-04 3.084122e+09 2.775841e+04     1.666667
    0.967621 6.457763e+06 1.211734e-04 3.031954e+09 2.775841e+04     1.666667
    0.967842 6.435692e+06 1.199352e-04 2.980494e+09 2.775841e+04     1.666667
    0.968062 6.413621e+06 1.187055e-04 2.929736e+09 2.775841e+04     1.666667
    0.968282 6.391550e+06 1.174842e-04 2.879672e+09 2.775841e+04     1.666667
    0.968500 6.369479e+06 1.162713e-04 2.830294e+09 2.775841e+04     1.666667
    0.968718 6.347408e+06 1.150668e-04 2.781596e+09 2.775841e+04     1.666667
    0.968935 6.325337e+06 1.138706e-04 2.733571e+09 2.775841e+04     1.666667
    0.969152 6.303266e+06 1.126828e-04 2.686211e+09 2.775841e+04     1.666667
    0.969367 6.281195e+06 1.115033e-04 2.639510e+09 2.775841e+04     1.666667
    0.969582 6.259124e+06 1.103320e-04 2.593461e+09 2.775841e+04     1.666667
    0.969796 6.237053e+06 1.091689e-04 2.548057e+09 2.775841e+04     1.666667
    0.970010 6.214981e+06 1.080141e-04 2.503291e+09 2.775841e+04     1.666667
    0.970222 6.192910e+06 1.068674e-04 2.459156e+09 2.775841e+04     1.666667
    0.970434 6.170839e+06 1.057289e-04 2.415646e+09 2.775841e+04     1.666667
    0.970645 6.148768e+06 1.045984e-04 2.372754e+09 2.775841e+04     1.666667
    0.970856 6.126697e+06 1.034761e-04 2.330473e+09 2.775841e+04     1.666667
    0.971065 6.104626e+06 1.023618e-04 2.288798e+09 2.775841e+04     1.666667
    0.971274 6.082555e+06 1.012556e-04 2.247721e+09 2.775841e+04     1.666667
    0.971482 6.060484e+06 1.001573e-04 2.207235e+09 2.775841e+04     1.666667
    0.971690 6.038413e+06 9.906706e-05 2.167336e+09 2.775841e+04     1.666667
    0.971896 6.016342e+06 9.798472e-05 2.128015e+09 2.775841e+04     1.666667
    0.972102 5.994271e+06 9.691030e-05 2.089267e+09 2.775841e+04     1.666667
    0.972307 5.972200e+06 9.584375e-05 2.051085e+09 2.775841e+04     1.666667
    0.972511 5.950129e+06 9.478507e-05 2.013464e+09 2.775841e+04     1.666667
    0.972715 5.928058e+06 9.373420e-05 1.976397e+09 2.775841e+04     1.666667
    0.972918 5.905987e+06 9.269114e-05 1.939878e+09 2.775841e+04     1.666667
    0.973120 5.883916e+06 9.165584e-05 1.903901e+09 2.775841e+04     1.666667
    0.973321 5.861845e+06 9.062828e-05 1.868459e+09 2.775841e+04     1.666667
    0.973522 5.839774e+06 8.960842e-05 1.833547e+09 2.775841e+04     1.666667
    0.973721 5.817703e+06 8.859625e-05 1.799159e+09 2.775841e+04     1.666667
    0.973920 5.795631e+06 8.759173e-05 1.765289e+09 2.775841e+04     1.666667
    0.974119 5.773560e+06 8.659483e-05 1.731931e+09 2.775841e+04     1.666667
    0.974316 5.751489e+06 8.560552e-05 1.699079e+09 2.775841e+04     1.666667
    0.974513 5.729418e+06 8.462378e-05 1.666728e+09 2.775841e+04     1.666667
    0.974709 5.707347e+06 8.364957e-05 1.634871e+09 2.775841e+04     1.666667
    0.974904 5.685276e+06 8.268287e-05 1.603503e+09 2.775841e+04     1.666667
    0.975099 5.663205e+06 8.172364e-05 1.572619e+09 2.775841e+04     1.666667
    0.975292 5.641134e+06 8.077186e-05 1.542212e+09 2.775841e+04     1.666667
    0.975485 5.619063e+06 7.982750e-05 1.512278e+09 2.775841e+04     1.666667
    0.975677 5.596992e+06 7.889053e-05 1.482810e+09 2.775841e+04     1.666667
    0.975869 5.574921e+06 7.796092e-05 1.453803e+09 2.775841e+04     1.666667
    0.976060 5.552850e+06 7.703864e-05 1.425252e+09 2.775841e+04     1.666667
    0.976250 5.530779e+06 7.612366e-05 1.397152e+09 2.775841e+04     1.666667
    0.976439 5.508708e+06 7.521596e-05 1.369496e+09 2.775841e+04     1.666667
    0.976627 5.486637e+06 7.431550e-05 1.342280e+09 2.775841e+04     1.666667
    0.976815 5.464566e+06 7.342226e-05 1.315498e+09 2.775841e+04     1.666667
    0.977002 5.442495e+06 7.253621e-05 1.289146e+09 2.775841e+04     1.666667
    0.977188 5.420424e+06 7.165731e-05 1.263218e+09 2.775841e+04     1.666667
    0.977373 5.398353e+06 7.078554e-05 1.237708e+09 2.775841e+04     1.666667
    0.977558 5.376281e+06 6.992087e-05 1.212613e+09 2.775841e+04     1.666667
    0.977742 5.354210e+06 6.906327e-05 1.187926e+09 2.775841e+04     1.666667
    0.977925 5.332139e+06 6.821271e-05 1.163642e+09 2.775841e+04     1.666667
    0.978107 5.310068e+06 6.736916e-05 1.139758e+09 2.775841e+04     1.666667
    0.978289 5.287997e+06 6.653260e-05 1.116267e+09 2.775841e+04     1.666667
    0.978470 5.265926e+06 6.570299e-05 1.093165e+09 2.775841e+04     1.666667
    0.978650 5.243855e+06 6.488030e-05 1.070448e+09 2.775841e+04     1.666667
    0.978829 5.221784e+06 6.406452e-05 1.048109e+09 2.775841e+04     1.666667
    0.979008 5.199713e+06 6.325559e-05 1.026146e+09 2.775841e+04     1.666667
    0.979186 5.177642e+06 6.245351e-05 1.004551e+09 2.775841e+04     1.666667
    0.979363 5.155571e+06 6.165824e-05 9.833223e+08 2.775841e+04     1.666667
    0.979539 5.133500e+06 6.086975e-05 9.624537e+08 2.775841e+04     1.666667
    0.979715 5.111429e+06 6.008800e-05 9.419409e+08 2.775841e+04     1.666667
    0.979889 5.089358e+06 5.931298e-05 9.217794e+08 2.775841e+04     1.666667
    0.980063 5.067287e+06 5.854466e-05 9.019645e+08 2.775841e+04     1.666667
    0.980237 5.045216e+06 5.778299e-05 8.824919e+08 2.775841e+04     1.666667
    0.980409 5.023145e+06 5.702796e-05 8.633571e+08 2.775841e+04     1.666667
    0.980581 5.001074e+06 5.627954e-05 8.445557e+08 2.775841e+04     1.666667
    0.980752 4.979003e+06 5.553770e-05 8.260832e+08 2.775841e+04     1.666667
    0.980922 4.956931e+06 5.480240e-05 8.079354e+08 2.775841e+04     1.666667
    0.981092 4.934860e+06 5.407362e-05 7.901079e+08 2.775841e+04     1.666667
    0.981261 4.912789e+06 5.335133e-05 7.725966e+08 2.775841e+04     1.666667
    0.981429 4.890718e+06 5.263550e-05 7.553971e+08 2.775841e+04     1.666667
    0.981596 4.868647e+06 5.192610e-05 7.385053e+08 2.775841e+04     1.666667
    0.981762 4.846576e+06 5.122311e-05 7.219170e+08 2.775841e+04     1.666667
    0.981928 4.824505e+06 5.052649e-05 7.056282e+08 2.775841e+04     1.666667
    0.982093 4.802434e+06 4.983622e-05 6.896347e+08 2.775841e+04     1.666667
    0.982257 4.780363e+06 4.915226e-05 6.739326e+08 2.775841e+04     1.666667
    0.982421 4.758292e+06 4.847458e-05 6.585178e+08 2.775841e+04     1.666667
    0.982583 4.736221e+06 4.780317e-05 6.433863e+08 2.775841e+04     1.666667
    0.982745 4.714150e+06 4.713798e-05 6.285343e+08 2.775841e+04     1.666667
    0.982907 4.692079e+06 4.647899e-05 6.139579e+08 2.775841e+04     1.666667
    0.983067 4.670008e+06 4.582618e-05 5.996531e+08 2.775841e+04     1.666667
    0.983227 4.647937e+06 4.517950e-05 5.856162e+08 2.775841e+04     1.666667
    0.983386 4.625866e+06 4.453894e-05 5.718435e+08 2.775841e+04     1.666667
    0.983544 4.603795e+06 4.390446e-05 5.583310e+08 2.775841e+04     1.666667
    0.983701 4.581724e+06 4.327604e-05 5.450753e+08 2.775841e+04     1.666667
    0.983858 4.559653e+06 4.265364e-05 5.320725e+08 2.775841e+04     1.666667
    0.984014 4.537581e+06 4.203723e-05 5.193190e+08 2.775841e+04     1.666667
    0.984169 4.515510e+06 4.142680e-05 5.068113e+08 2.775841e+04     1.666667
    0.984323 4.493439e+06 4.082230e-05 4.945458e+08 2.775841e+04     1.666667
    0.984477 4.471368e+06 4.022371e-05 4.825189e+08 2.775841e+04     1.666667
    0.984630 4.449297e+06 3.963100e-05 4.707271e+08 2.775841e+04     1.666667
    0.984782 4.427226e+06 3.904415e-05 4.591670e+08 2.775841e+04     1.666667
    0.984933 4.405155e+06 3.846311e-05 4.478351e+08 2.775841e+04     1.666667
    0.985084 4.383084e+06 3.788787e-05 4.367280e+08 2.775841e+04     1.666667
    0.985234 4.361013e+06 3.731840e-05 4.258425e+08 2.775841e+04     1.666667
    0.985383 4.338942e+06 3.675465e-05 4.151751e+08 2.775841e+04     1.666667
    0.985531 4.316871e+06 3.619662e-05 4.047225e+08 2.775841e+04     1.666667
    0.985679 4.294800e+06 3.564426e-05 3.944816e+08 2.775841e+04     1.666667
    0.985825 4.272729e+06 3.509755e-05 3.844490e+08 2.775841e+04     1.666667
    0.985971 4.250658e+06 3.455646e-05 3.746216e+08 2.775841e+04     1.666667
    0.986117 4.228587e+06 3.402096e-05 3.649961e+08 2.775841e+04     1.666667
    0.986261 4.206516e+06 3.349102e-05 3.555696e+08 2.775841e+04     1.666667
    0.986405 4.184445e+06 3.296661e-05 3.463388e+08 2.775841e+04     1.666667
    0.986548 4.162374e+06 3.244770e-05 3.373008e+08 2.775841e+04     1.666667
    0.986690 4.140303e+06 3.193427e-05 3.284524e+08 2.775841e+04     1.666667
    0.986832 4.118231e+06 3.142629e-05 3.197907e+08 2.775841e+04     1.666667
    0.986973 4.096160e+06 3.092372e-05 3.113127e+08 2.775841e+04     1.666667
    0.987113 4.074089e+06 3.042653e-05 3.030155e+08 2.775841e+04     1.666667
    0.987252 4.052018e+06 2.993471e-05 2.948961e+08 2.775841e+04     1.666667
    0.987390 4.029947e+06 2.944821e-05 2.869518e+08 2.775841e+04     1.666667
    0.987528 4.007876e+06 2.896701e-05 2.791795e+08 2.775841e+04     1.666667
    0.987665 3.985805e+06 2.849109e-05 2.715766e+08 2.775841e+04     1.666667
    0.987801 3.963734e+06 2.802040e-05 2.641403e+08 2.775841e+04     1.666667
    0.987937 3.941663e+06 2.755493e-05 2.568677e+08 2.775841e+04     1.666667
    0.988072 3.919592e+06 2.709464e-05 2.497563e+08 2.775841e+04     1.666667
    0.988206 3.897521e+06 2.663951e-05 2.428032e+08 2.775841e+04     1.666667
    0.988339 3.875450e+06 2.618950e-05 2.360058e+08 2.775841e+04     1.666667
    0.988471 3.853379e+06 2.574459e-05 2.293615e+08 2.775841e+04     1.666667
    0.988603 3.831308e+06 2.530474e-05 2.228678e+08 2.775841e+04     1.666667
    0.988734 3.809237e+06 2.486994e-05 2.165219e+08 2.775841e+04     1.666667
    0.988864 3.787166e+06 2.444014e-05 2.103215e+08 2.775841e+04     1.666667
    0.988993 3.765095e+06 2.401533e-05 2.042639e+08 2.775841e+04     1.666667
    0.989122 3.743024e+06 2.359546e-05 1.983467e+08 2.775841e+04     1.666667
    0.989250 3.720953e+06 2.318052e-05 1.925674e+08 2.775841e+04     1.666667
    0.989377 3.698881e+06 2.277047e-05 1.869236e+08 2.775841e+04     1.666667
    0.989504 3.676810e+06 2.236529e-05 1.814129e+08 2.775841e+04     1.666667
    0.989629 3.654739e+06 2.196494e-05 1.760330e+08 2.775841e+04     1.666667
    0.989754 3.632668e+06 2.156940e-05 1.707815e+08 2.775841e+04     1.666667
    0.989878 3.610597e+06 2.117863e-05 1.656561e+08 2.775841e+04     1.666667
    0.990002 3.588526e+06 2.079262e-05 1.606544e+08 2.775841e+04     1.666667
    0.990124 3.566455e+06 2.041132e-05 1.557743e+08 2.775841e+04     1.666667
    0.990246 3.544384e+06 2.003471e-05 1.510136e+08 2.775841e+04     1.666667
    0.990367 3.522313e+06 1.966277e-05 1.463699e+08 2.775841e+04     1.666667
    0.990487 3.500242e+06 1.929546e-05 1.418412e+08 2.775841e+04     1.666667
    0.990607 3.478171e+06 1.893274e-05 1.374253e+08 2.775841e+04     1.666667
    0.990726 3.456100e+06 1.857461e-05 1.331201e+08 2.775841e+04     1.666667
    0.990844 3.434029e+06 1.822102e-05 1.289234e+08 2.775841e+04     1.666667
    0.990961 3.411958e+06 1.787194e-05 1.248333e+08 2.775841e+04     1.666667
    0.991078 3.389887e+06 1.752735e-05 1.208476e+08 2.775841e+04     1.666667
    0.991194 3.367816e+06 1.718722e-05 1.169644e+08 2.775841e+04     1.666667
    0.991309 3.345745e+06 1.685152e-05 1.131816e+08 2.775841e+04     1.666667
    0.991423 3.323674e+06 1.652022e-05 1.094974e+08 2.775841e+04     1.666667
    0.991537 3.301603e+06 1.619329e-05 1.059098e+08 2.775841e+04     1.666667
    0.991649 3.279531e+06 1.587071e-05 1.024168e+08 2.775841e+04     1.666667
    0.991761 3.257460e+06 1.555243e-05 9.901655e+07 2.775841e+04     1.666667
    0.991873 3.235389e+06 1.523844e-05 9.570725e+07 2.775841e+04     1.666667
    0.991983 3.213318e+06 1.492870e-05 9.248703e+07 2.775841e+04     1.666667
    0.992093 3.191247e+06 1.462319e-05 8.935407e+07 2.775841e+04     1.666667
    0.992202 3.169176e+06 1.432188e-05 8.630660e+07 2.775841e+04     1.666667
    0.992310 3.147105e+06 1.402473e-05 8.334285e+07 2.775841e+04     1.666667
    0.992418 3.125034e+06 1.373173e-05 8.046108e+07 2.775841e+04     1.666667
    0.992524 3.102963e+06 1.344283e-05 7.765959e+07 2.775841e+04     1.666667
    0.992630 3.080892e+06 1.315801e-05 7.493668e+07 2.775841e+04     1.666667
    0.992735 3.058821e+06 1.287725e-05 7.229069e+07 2.775841e+04     1.666667
    0.992840 3.036750e+06 1.260050e-05 6.971997e+07 2.775841e+04     1.666667
    0.992944 3.014679e+06 1.232775e-05 6.722291e+07 2.775841e+04     1.666667
    0.993047 2.992608e+06 1.205897e-05 6.479792e+07 2.775841e+04     1.666667
    0.993149 2.970537e+06 1.179412e-05 6.244342e+07 2.775841e+04     1.666667
    0.993250 2.948466e+06 1.153318e-05 6.015787e+07 2.775841e+04     1.666667
    0.993351 2.926395e+06 1.127611e-05 5.793974e+07 2.775841e+04     1.666667
    0.993451 2.904324e+06 1.102290e-05 5.578752e+07 2.775841e+04     1.666667
    0.993550 2.882253e+06 1.077350e-05 5.369974e+07 2.775841e+04     1.666667
    0.993648 2.860181e+06 1.052790e-05 5.167494e+07 2.775841e+04     1.666667
    0.993746 2.838110e+06 1.028605e-05 4.971169e+07 2.775841e+04     1.666667
    0.993843 2.816039e+06 1.004794e-05 4.780856e+07 2.775841e+04     1.666667
    0.993939 2.793968e+06 9.813530e-06 4.596417e+07 2.775841e+04     1.666667
    0.994034 2.771897e+06 9.582795e-06 4.417715e+07 2.775841e+04     1.666667
    0.994129 2.749826e+06 9.355706e-06 4.244615e+07 2.775841e+04     1.666667
    0.994223 2.727755e+06 9.132233e-06 4.076984e+07 2.775841e+04     1.666667
    0.994316 2.705684e+06 8.912347e-06 3.914691e+07 2.775841e+04     1.666667
    0.994408 2.683613e+06 8.696020e-06 3.757609e+07 2.775841e+04     1.666667
    0.994500 2.661542e+06 8.483221e-06 3.605610e+07 2.775841e+04     1.666667
    0.994591 2.639471e+06 8.273923e-06 3.458570e+07 2.775841e+04     1.666667
    0.994681 2.617400e+06 8.068096e-06 3.316366e+07 2.775841e+04     1.666667
    0.994770 2.595329e+06 7.865711e-06 3.178879e+07 2.775841e+04     1.666667
    0.994859 2.573258e+06 7.666740e-06 3.045991e+07 2.775841e+04     1.666667
    0.994947 2.551187e+06 7.471152e-06 2.917584e+07 2.775841e+04     1.666667
    0.995034 2.529116e+06 7.278919e-06 2.793544e+07 2.775841e+04     1.666667
    0.995120 2.507045e+06 7.090013e-06 2.673760e+07 2.775841e+04     1.666667
    0.995205 2.484974e+06 6.904403e-06 2.558120e+07 2.775841e+04     1.666667
    0.995290 2.462903e+06 6.722062e-06 2.446517e+07 2.775841e+04     1.666667
    0.995374 2.440831e+06 6.542959e-06 2.338843e+07 2.775841e+04     1.666667
    0.995458 2.418760e+06 6.367066e-06 2.234994e+07 2.775841e+04     1.666667
    0.995540 2.396689e+06 6.194355e-06 2.134867e+07 2.775841e+04     1.666667
    0.995622 2.374618e+06 6.024795e-06 2.038361e+07 2.775841e+04     1.666667
    0.995703 2.352547e+06 5.858358e-06 1.945377e+07 2.775841e+04     1.666667
    0.995783 2.330476e+06 5.695015e-06 1.855818e+07 2.775841e+04     1.666667
    0.995863 2.308405e+06 5.534736e-06 1.769588e+07 2.775841e+04     1.666667
    0.995941 2.286334e+06 5.377494e-06 1.686594e+07 2.775841e+04     1.666667
    0.996019 2.264263e+06 5.223258e-06 1.606743e+07 2.775841e+04     1.666667
    0.996097 2.242192e+06 5.072000e-06 1.529946e+07 2.775841e+04     1.666667
    0.996173 2.220121e+06 4.923690e-06 1.456114e+07 2.775841e+04     1.666667
    0.996249 2.198050e+06 4.778301e-06 1.385160e+07 2.775841e+04     1.666667
    0.996324 2.175979e+06 4.635801e-06 1.316999e+07 2.775841e+04     1.666667
    0.996398 2.153908e+06 4.496164e-06 1.251548e+07 2.775841e+04     1.666667
    0.996471 2.131837e+06 4.359359e-06 1.188726e+07 2.775841e+04     1.666667
    0.996544 2.109766e+06 4.225358e-06 1.128452e+07 2.775841e+04     1.666667
    0.996616 2.087695e+06 4.094131e-06 1.070649e+07 2.775841e+04     1.666667
    0.996687 2.065624e+06 3.965650e-06 1.015238e+07 2.775841e+04     1.666667
    0.996758 2.043553e+06 3.839885e-06 9.621463e+06 2.775841e+04     1.666667
    0.996827 2.021481e+06 3.716808e-06 9.112990e+06 2.775841e+04     1.666667
    0.996896 1.999410e+06 3.596389e-06 8.626246e+06 2.775841e+04     1.666667
    0.996964 1.977339e+06 3.478600e-06 8.160526e+06 2.775841e+04     1.666667
    0.997032 1.955268e+06 3.363411e-06 7.715142e+06 2.775841e+04     1.666667
    0.997098 1.933197e+06 3.250793e-06 7.289420e+06 2.775841e+04     1.666667
    0.997164 1.911126e+06 3.140718e-06 6.882701e+06 2.775841e+04     1.666667
    0.997229 1.889055e+06 3.033156e-06 6.494344e+06 2.775841e+04     1.666667
    0.997294 1.866984e+06 2.928078e-06 6.123718e+06 2.775841e+04     1.666667
    0.997357 1.844913e+06 2.825456e-06 5.770210e+06 2.775841e+04     1.666667
    0.997420 1.822842e+06 2.725260e-06 5.433219e+06 2.775841e+04     1.666667
    0.997482 1.800771e+06 2.627461e-06 5.112160e+06 2.775841e+04     1.666667
    0.997544 1.778700e+06 2.532030e-06 4.806462e+06 2.775841e+04     1.666667
    0.997604 1.756629e+06 2.438939e-06 4.515565e+06 2.775841e+04     1.666667
    0.997664 1.734558e+06 2.348157e-06 4.238927e+06 2.775841e+04     1.666667
    0.997723 1.712487e+06 2.259657e-06 3.976017e+06 2.775841e+04     1.666667
    0.997781 1.690416e+06 2.173409e-06 3.726316e+06 2.775841e+04     1.666667
    0.997839 1.668345e+06 2.089383e-06 3.489321e+06 2.775841e+04     1.666667
    0.997896 1.646274e+06 2.007552e-06 3.264541e+06 2.775841e+04     1.666667
    0.997952 1.624203e+06 1.927886e-06 3.051497e+06 2.775841e+04     1.666667
    0.998007 1.602132e+06 1.850356e-06 2.849724e+06 2.775841e+04     1.666667
    0.998062 1.580060e+06 1.774933e-06 2.658769e+06 2.775841e+04     1.666667
    0.998115 1.557989e+06 1.701588e-06 2.478190e+06 2.775841e+04     1.666667
    0.998168 1.535918e+06 1.630291e-06 2.307558e+06 2.775841e+04     1.666667
    0.998221 1.513847e+06 1.561015e-06 2.146458e+06 2.775841e+04     1.666667
    0.998272 1.491776e+06 1.493729e-06 1.994484e+06 2.775841e+04     1.666667
    0.998323 1.469705e+06 1.428405e-06 1.851242e+06 2.775841e+04     1.666667
    0.998373 1.447634e+06 1.365014e-06 1.716351e+06 2.775841e+04     1.666667
    0.998422 1.425563e+06 1.303527e-06 1.589440e+06 2.775841e+04     1.666667
    0.998471 1.403492e+06 1.243915e-06 1.470151e+06 2.775841e+04     1.666667
    0.998518 1.381421e+06 1.186148e-06 1.358133e+06 2.775841e+04     1.666667
    0.998565 1.359350e+06 1.130198e-06 1.253050e+06 2.775841e+04     1.666667
    0.998612 1.337279e+06 1.076036e-06 1.154575e+06 2.775841e+04     1.666667
    0.998657 1.315208e+06 1.023632e-06 1.062390e+06 2.775841e+04     1.666667
    0.998702 1.293137e+06 9.729582e-07 9.761900e+05 2.775841e+04     1.666667
    0.998746 1.271066e+06 9.239848e-07 8.956784e+05 2.775841e+04     1.666667
    0.998789 1.248995e+06 8.766829e-07 8.205687e+05 2.775841e+04     1.666667
    0.998831 1.226924e+06 8.310236e-07 7.505847e+05 2.775841e+04     1.666667
    0.998873 1.204853e+06 7.869779e-07 6.854592e+05 2.775841e+04     1.666667
    0.998914 1.182782e+06 7.445166e-07 6.249348e+05 2.775841e+04     1.666667
    0.998954 1.160710e+06 7.036108e-07 5.687633e+05 2.775841e+04     1.666667
    0.998993 1.138639e+06 6.642314e-07 5.167055e+05 2.775841e+04     1.666667
    0.999032 1.116568e+06 6.263495e-07 4.685313e+05 2.775841e+04     1.666667
    0.999070 1.094497e+06 5.899360e-07 4.240192e+05 2.775841e+04     1.666667
    0.999107 1.072426e+06 5.549618e-07 3.829563e+05 2.775841e+04     1.666667
    0.999143 1.050355e+06 5.213980e-07 3.451382e+05 2.775841e+04     1.666667
    0.999179 1.028284e+06 4.892155e-07 3.103686e+05 2.775841e+04     1.666667
    0.999214 1.006213e+06 4.583853e-07 2.784594e+05 2.775841e+04     1.666667
    0.999248 9.841420e+05 4.288784e-07 2.492304e+05 2.775841e+04     1.666667
    0.999281 9.620710e+05 4.006657e-07 2.225090e+05 2.775841e+04     1.666667
    0.999314 9.399999e+05 3.737182e-07 1.981304e+05 2.775841e+04     1.666667
    0.999346 9.179289e+05 3.480069e-07 1.759370e+05 2.775841e+04     1.666667
    0.999377 8.958578e+05 3.235028e-07 1.557785e+05 2.775841e+04     1.666667
    0.999407 8.737868e+05 3.001769e-07 1.375116e+05 2.775841e+04     1.666667
    0.999437 8.517157e+05 2.780000e-07 1.210000e+05 2.775841e+04     1.666667
